    muB (MeV)    nB (fm^-3)    p(MeV fm^-3)
    2.70729471e-03    1.32432308e-06    1.88136296e-04
    2.73579254e-03    3.75971990e-06    2.87790002e-04
    2.76429038e-03    7.06603918e-06    3.73370371e-04
    2.79278822e-03    1.11141572e-05    4.45952901e-04
    2.82128606e-03    1.59453959e-05    5.22453699e-04
    2.84978390e-03    2.16005070e-05    5.87550987e-04
    2.87828174e-03    2.79424161e-05    6.41866283e-04
    2.90677958e-03    3.48614065e-05    6.88804427e-04
    2.93527742e-03    4.22765442e-05    7.30527222e-04
    2.96377526e-03    5.01362482e-05    7.68439839e-04
    2.99227310e-03    5.84006215e-05    8.03461045e-04
    3.02077093e-03    6.70326169e-05    8.36212357e-04
    3.04926877e-03    7.60122860e-05    8.67099115e-04
    3.07776661e-03    8.53168304e-05    8.96499634e-04
    3.10626445e-03    9.49291515e-05    9.24630093e-04
    3.13476229e-03    1.04840700e-04    9.51706674e-04
    3.16326013e-03    1.15037227e-04    9.77837465e-04
    3.19175797e-03    1.25504483e-04    1.00313056e-03
    3.22025581e-03    1.36239619e-04    1.02774809e-03
    3.24875365e-03    1.47234085e-04    1.05169005e-03
    3.27725149e-03    1.58479333e-04    1.07509157e-03
    3.30574933e-03    1.69966811e-04    1.09795264e-03
    3.33424716e-03    1.81747818e-04    1.12259719e-03
    3.36274500e-03    1.93830902e-04    1.14872798e-03
    3.39124284e-03    2.06184715e-04    1.17461557e-03
    3.41974068e-03    2.18797859e-04    1.20009782e-03
    3.44823852e-03    2.31667483e-04    1.22506664e-03
    3.47673636e-03    2.44787888e-04    1.24954906e-03
    3.50523420e-03    2.58144825e-04    1.27378827e-03
    3.53373204e-03    2.71763942e-04    1.30162148e-03
    3.56222988e-03    2.85690836e-04    1.33123818e-03
    3.59072772e-03    2.99911258e-04    1.36177365e-03
    3.61922555e-03    3.14473653e-04    1.39284956e-03
    3.64772339e-03    3.29349525e-04    1.42419570e-03
    3.67622123e-03    3.44538874e-04    1.45564994e-03
    3.70471907e-03    3.60070196e-04    1.48710417e-03
    3.73321691e-03    3.75943492e-04    1.51845031e-03
    3.76171475e-03    3.92130265e-04    1.54960729e-03
    3.79021259e-03    4.08659011e-04    1.58057512e-03
    3.81871043e-03    4.25501234e-04    1.61127272e-03
    3.84720827e-03    4.42656933e-04    1.64167307e-03
    3.87570611e-03    4.60126109e-04    1.67180320e-03
    3.90420394e-03    4.77937258e-04    1.70160905e-03
    3.93270178e-03    4.96033386e-04    1.73117171e-03
    3.96119962e-03    5.14471488e-04    1.76170717e-03
    3.98969746e-03    5.33223066e-04    1.79394506e-03
    4.01819530e-03    5.52316618e-04    1.82934458e-03
    4.04669314e-03    5.71809140e-04    1.86601416e-03
    4.07519098e-03    5.92042605e-04    1.92954414e-03
    4.10368882e-03    6.12561049e-04    1.95870145e-03
    4.13218666e-03    6.33364472e-04    1.98666978e-03
    4.16068450e-03    6.54452873e-04    2.01382743e-03
    4.18918233e-03    6.75826252e-04    2.04060676e-03
    4.21768017e-03    6.97513108e-04    2.06814272e-03
    4.24617801e-03    7.19456444e-04    2.09567869e-03
    4.27467585e-03    7.41713256e-04    2.12299847e-03
    4.30317369e-03    7.64226549e-04    2.14993994e-03
    4.33167153e-03    7.87053318e-04    2.17650309e-03
    4.36016937e-03    8.10136567e-04    2.20263388e-03
    4.38866721e-03    8.33504795e-04    2.22833231e-03
    4.41716505e-03    8.57129504e-04    2.25362541e-03
    4.44566289e-03    8.81039191e-04    2.27848614e-03
    4.47416072e-03    9.05205358e-04    2.30296856e-03
    4.50265856e-03    9.29628006e-04    2.32707266e-03
    4.53115640e-03    9.54278637e-04    2.35082547e-03
    4.55965424e-03    9.79185748e-04    2.37428103e-03
    4.58815208e-03    1.00434934e-03    2.39746636e-03
    4.61664992e-03    1.02976941e-03    2.42038147e-03
    4.64514776e-03    1.05541747e-03    2.44308040e-03
    4.67364560e-03    1.08129351e-03    2.46559017e-03
    4.70214344e-03    1.10742602e-03    2.48793781e-03
    4.73064128e-03    1.13375803e-03    2.51015033e-03
    4.75913911e-03    1.16034651e-03    2.53225477e-03
    4.78763695e-03    1.18719148e-03    2.55430516e-03
    4.81613479e-03    1.21423592e-03    2.57630150e-03
    4.84463263e-03    1.24150836e-03    2.59829784e-03
    4.87313047e-03    1.26903727e-03    2.62032121e-03
    4.90162831e-03    1.29679416e-03    2.64239862e-03
    4.93012615e-03    1.32477904e-03    2.66455710e-03
    4.95862399e-03    1.35299190e-03    2.68685069e-03
    4.98712183e-03    1.38143275e-03    2.70927940e-03
    5.01561967e-03    1.41013007e-03    2.73197833e-03
    5.04411750e-03    1.43905538e-03    2.75467726e-03
    5.07261534e-03    1.46823716e-03    2.77791664e-03
    5.10111318e-03    1.49764693e-03    2.80115602e-03
    5.12961102e-03    1.52731318e-03    2.82493585e-03
    5.15810886e-03    1.55723591e-03    2.84898591e-03
    5.18660670e-03    1.58741513e-03    2.87357641e-03
    5.21510454e-03    1.61785082e-03    2.89843715e-03
    5.24360238e-03    1.64854299e-03    2.92383833e-03
    5.27210022e-03    1.67952014e-03    2.95005019e-03
    5.30059806e-03    1.71075377e-03    2.97653227e-03
    5.32909589e-03    1.74230088e-03    3.00382503e-03
    5.35759373e-03    1.77410447e-03    3.03165824e-03
    5.38609157e-03    1.80625003e-03    3.06030213e-03
    5.41458941e-03    1.83868057e-03    3.09002692e-03
    5.44308725e-03    1.87142459e-03    3.12029216e-03
    5.47158509e-03    1.90448208e-03    3.15163830e-03
    5.50008293e-03    1.93788155e-03    3.18406534e-03
    5.52858077e-03    1.97162299e-03    3.21757329e-03
    5.55707861e-03    2.00573491e-03    3.25189191e-03
    5.58557645e-03    2.04021729e-03    3.28756165e-03
    5.61407428e-03    2.07509865e-03    3.32458253e-03
    5.64257212e-03    2.11035047e-03    3.36241408e-03
    5.67106996e-03    2.14600127e-03    3.40159675e-03
    5.69956780e-03    2.18207953e-03    3.44186033e-03
    5.72806564e-03    2.21858526e-03    3.48212391e-03
    5.75656348e-03    2.25551846e-03    3.52265771e-03
    5.78506132e-03    2.29287913e-03    3.56481287e-03
    5.81355916e-03    2.33069576e-03    3.60858938e-03
    5.84205700e-03    2.36896836e-03    3.65398723e-03
    5.87055484e-03    2.40775392e-03    3.70100645e-03
    5.89905267e-03    2.44702394e-03    3.75045769e-03
    5.92755051e-03    2.48683542e-03    3.80207073e-03
    5.95604835e-03    2.52718836e-03    3.85584557e-03
    5.98454619e-03    2.56811126e-03    3.91259290e-03
    6.01304403e-03    2.60968961e-03    3.97204248e-03
    6.04154187e-03    2.65186641e-03    4.03473476e-03
    6.07003971e-03    2.69472716e-03    4.10093997e-03
    6.09853755e-03    2.73832885e-03    4.17119856e-03
    6.12703539e-03    2.78267149e-03    4.24551053e-03
    6.15553323e-03    2.82781207e-03    4.32495679e-03
    6.18403106e-03    2.87372209e-03    4.40953732e-03
    6.21252890e-03    2.92074352e-03    4.49979259e-03
    6.24102674e-03    2.96861989e-03    4.59680349e-03
    6.26952458e-03    3.01763617e-03    4.70111048e-03
    6.29802242e-03    3.06750739e-03    4.81325400e-03
    6.32652026e-03    3.11880350e-03    4.93404474e-03
    6.35501810e-03    3.17152450e-03    5.06375291e-03
    6.38351594e-03    3.22567040e-03    5.20156784e-03
    6.41201378e-03    3.28095621e-03    5.34397660e-03
    6.44051162e-03    3.33795188e-03    5.46746958e-03
    6.46900946e-03    3.39637245e-03    5.58150468e-03
    6.49750729e-03    3.45593294e-03    5.70175497e-03
    6.52600513e-03    3.51663333e-03    5.82876088e-03
    6.55450297e-03    3.57875862e-03    5.96333311e-03
    6.58300081e-03    3.64259378e-03    6.10709300e-03
    6.61149865e-03    3.70785383e-03    6.26085122e-03
    6.63999649e-03    3.77482376e-03    6.42649937e-03
    6.66849433e-03    3.84350355e-03    6.60619923e-03
    6.69699217e-03    3.91417819e-03    6.80211261e-03
    6.72549001e-03    3.98713266e-03    7.01694176e-03
    6.75398785e-03    4.06265193e-03    7.25176760e-03
    6.78248568e-03    4.14045103e-03    7.50118560e-03
    6.81098352e-03    4.22109991e-03    7.75303563e-03
    6.83948136e-03    4.30431360e-03    8.01488400e-03
    6.86797920e-03    4.39037708e-03    8.28456890e-03
    6.89647704e-03    4.47929034e-03    8.56073921e-03
    6.92497488e-03    4.57133836e-03    8.84285448e-03
    6.95347272e-03    4.66623616e-03    9.12929335e-03
    6.98197056e-03    4.76426873e-03    9.41248953e-03
    7.01046840e-03    4.86486610e-03    9.61732034e-03
    7.03896624e-03    4.96688836e-03    9.75540550e-03
    7.06746407e-03    5.07062049e-03    9.89457156e-03
    7.09596191e-03    5.17577752e-03    1.00353590e-02
    7.12445975e-03    5.28235944e-03    1.01769571e-02
    7.15295759e-03    5.39036625e-03    1.03199063e-02
    7.18145543e-03    5.49979795e-03    1.04642066e-02
    7.20995327e-03    5.61093952e-03    1.06098581e-02
    7.23845111e-03    5.72379096e-03    1.07565904e-02
    7.26694895e-03    5.83778232e-03    1.09044037e-02
    7.29544679e-03    5.95376853e-03    1.10535681e-02
    7.32394463e-03    6.07117962e-03    1.12040836e-02
    7.35244246e-03    6.19001561e-03    1.13559503e-02
    7.38094030e-03    6.31056147e-03    1.15088978e-02
    7.40943814e-03    6.43281720e-03    1.16631965e-02
    7.43793598e-03    6.55649782e-03    1.18185761e-02
    7.46643382e-03    6.68217329e-03    1.19755770e-02
    7.49493166e-03    6.80927365e-03    1.21336588e-02
    7.52342950e-03    6.93808389e-03    1.22930918e-02
    7.55192734e-03    7.06831901e-03    1.24538759e-02
    7.58042518e-03    7.20054898e-03    1.26157409e-02
    7.60892302e-03    7.33448883e-03    1.27792272e-02
    7.63742085e-03    7.47013854e-03    1.29437944e-02
    7.66591869e-03    7.60749812e-03    1.31097128e-02
    7.69441653e-03    7.74656758e-03    1.32769823e-02
    7.72291437e-03    7.88763188e-03    1.34456029e-02
    7.75141221e-03    8.03040605e-03    1.36155747e-02
    7.77991005e-03    8.17489010e-03    1.37866273e-02
    7.80840789e-03    8.32108401e-03    1.39593013e-02
    7.83690573e-03    8.46927278e-03    1.41333265e-02
    7.86540357e-03    8.61917141e-03    1.43087027e-02
    7.89390141e-03    8.77106489e-03    1.44851599e-02
    7.92239924e-03    8.92466824e-03    1.46632384e-02
    7.95089708e-03    9.08026644e-03    1.48426680e-02
    7.97939492e-03    9.23785949e-03    1.50234488e-02
    8.00789276e-03    9.39716241e-03    1.52055807e-02
