# muB (MeV) nB (fm^-3) 	 eDens (MeV fm^-3) 	 p (MeV fm^-3) 	 quark fraction 	 u/nB 	 d/nB 	 e/nB 	 muon/nB 	 nu/nB 	 proton/nB 	 neutron/nB 	 proton_partner/nB 	 neutron_partner/nB
9.400000000000000000e+02	1.506000000000000047e-02	1.529800000000000049e+00	6.467200000000000205e-03	0.000000000000000000e+00	0.000000000000000000e+00	0.000000000000000000e+00	2.475399999999999996e-03	0.000000000000000000e+00	0.000000000000000000e+00	2.475399999999999996e-03	9.975199999999999623e-01	0.000000000000000000e+00	0.000000000000000000e+00
9.500000000000000000e+02	6.962200000000000333e-02	5.183600000000000207e+00	4.647100000000000120e-01	0.000000000000000000e+00	0.000000000000000000e+00	0.000000000000000000e+00	2.070200000000000165e-02	0.000000000000000000e+00	0.000000000000000000e+00	2.070200000000000165e-02	9.792999999999999483e-01	0.000000000000000000e+00	0.000000000000000000e+00
9.600000000000000000e+02	1.064999999999999974e-01	9.219500000000000028e+00	1.319299999999999917e+00	0.000000000000000000e+00	0.000000000000000000e+00	0.000000000000000000e+00	3.402399999999999869e-02	0.000000000000000000e+00	0.000000000000000000e+00	3.402399999999999869e-02	9.659799999999999498e-01	0.000000000000000000e+00	0.000000000000000000e+00
9.700000000000000000e+02	1.381699999999999873e-01	1.327999999999999936e+01	2.479499999999999815e+00	0.000000000000000000e+00	0.000000000000000000e+00	0.000000000000000000e+00	4.284500000000000114e-02	3.013000000000000053e-03	0.000000000000000000e+00	4.585800000000000293e-02	9.541399999999999881e-01	0.000000000000000000e+00	0.000000000000000000e+00
9.800000000000000000e+02	1.650300000000000100e-01	1.713899999999999935e+01	3.899999999999999911e+00	3.273799999999999996e-04	0.000000000000000000e+00	3.273799999999999996e-04	4.730100000000000277e-02	8.741000000000000505e-03	0.000000000000000000e+00	5.636900000000000244e-02	9.433000000000000274e-01	0.000000000000000000e+00	0.000000000000000000e+00
9.900000000000000000e+02	1.933400000000000118e-01	2.153600000000000136e+01	5.595299999999999940e+00	1.353999999999999995e-02	0.000000000000000000e+00	1.353999999999999995e-02	4.598599999999999910e-02	1.134600000000000018e-02	0.000000000000000000e+00	7.087300000000000544e-02	9.155900000000000150e-01	0.000000000000000000e+00	0.000000000000000000e+00
1.000000000000000000e+03	2.174300000000000122e-01	2.548000000000000043e+01	7.579699999999999882e+00	2.677900000000000072e-02	0.000000000000000000e+00	2.677900000000000072e-02	4.304800000000000293e-02	1.188200000000000020e-02	0.000000000000000000e+00	8.170900000000000385e-02	8.915100000000000247e-01	0.000000000000000000e+00	0.000000000000000000e+00
1.010000000000000000e+03	2.375299999999999911e-01	2.901399999999999935e+01	9.805099999999999483e+00	3.769000000000000128e-02	0.000000000000000000e+00	3.769000000000000128e-02	4.005899999999999739e-02	1.162900000000000045e-02	0.000000000000000000e+00	8.937900000000000011e-02	8.729299999999999837e-01	0.000000000000000000e+00	0.000000000000000000e+00
1.020000000000000000e+03	2.549000000000000155e-01	3.230400000000000205e+01	1.223300000000000054e+01	4.688500000000000306e-02	0.000000000000000000e+00	4.688500000000000306e-02	3.726899999999999658e-02	1.105700000000000086e-02	0.000000000000000000e+00	9.521100000000000396e-02	8.578999999999999959e-01	0.000000000000000000e+00	0.000000000000000000e+00
1.030000000000000000e+03	2.703400000000000247e-01	3.544800000000000040e+01	1.483500000000000085e+01	5.489299999999999735e-02	0.000000000000000000e+00	5.489299999999999735e-02	3.471300000000000080e-02	1.035600000000000062e-02	0.000000000000000000e+00	9.996299999999999630e-02	8.451400000000000023e-01	0.000000000000000000e+00	0.000000000000000000e+00
1.040000000000000000e+03	2.843700000000000117e-01	3.850300000000000011e+01	1.759299999999999997e+01	6.205900000000000305e-02	0.000000000000000000e+00	6.205900000000000305e-02	3.237999999999999906e-02	9.615200000000000830e-03	0.000000000000000000e+00	1.040500000000000036e-01	8.338900000000000201e-01	0.000000000000000000e+00	0.000000000000000000e+00
1.050000000000000000e+03	2.973299999999999832e-01	4.150500000000000256e+01	2.049299999999999855e+01	6.860700000000000132e-02	0.000000000000000000e+00	6.860700000000000132e-02	3.025100000000000011e-02	8.876800000000000662e-03	0.000000000000000000e+00	1.077300000000000063e-01	8.236599999999999477e-01	0.000000000000000000e+00	0.000000000000000000e+00
1.060000000000000000e+03	3.094500000000000028e-01	4.447699999999999676e+01	2.352199999999999847e+01	7.468700000000000339e-02	0.000000000000000000e+00	7.468700000000000339e-02	2.830299999999999830e-02	8.162700000000000164e-03	0.000000000000000000e+00	1.111499999999999988e-01	8.141599999999999948e-01	0.000000000000000000e+00	0.000000000000000000e+00
1.070000000000000000e+03	3.208799999999999986e-01	4.743299999999999983e+01	2.667299999999999827e+01	8.040200000000000125e-02	0.000000000000000000e+00	8.040200000000000125e-02	2.651600000000000137e-02	7.483499999999999701e-03	0.000000000000000000e+00	1.144000000000000017e-01	8.052000000000000268e-01	0.000000000000000000e+00	0.000000000000000000e+00
1.080000000000000000e+03	3.317599999999999993e-01	5.038300000000000267e+01	2.993799999999999883e+01	8.582599999999999951e-02	0.000000000000000000e+00	8.582599999999999951e-02	2.487299999999999928e-02	6.843799999999999710e-03	0.000000000000000000e+00	1.175400000000000056e-01	7.966299999999999493e-01	0.000000000000000000e+00	0.000000000000000000e+00
1.090000000000000000e+03	3.421699999999999742e-01	5.333500000000000085e+01	3.331099999999999994e+01	9.101099999999999468e-02	0.000000000000000000e+00	9.101099999999999468e-02	2.335900000000000129e-02	6.244900000000000277e-03	0.000000000000000000e+00	1.206099999999999950e-01	7.883700000000000152e-01	0.000000000000000000e+00	0.000000000000000000e+00
1.100000000000000000e+03	3.521900000000000031e-01	5.629399999999999693e+01	3.678900000000000148e+01	9.599800000000000000e-02	0.000000000000000000e+00	9.599800000000000000e-02	2.195899999999999935e-02	5.686199999999999762e-03	0.000000000000000000e+00	1.236399999999999999e-01	7.803600000000000536e-01	0.000000000000000000e+00	0.000000000000000000e+00
1.110000000000000000e+03	3.618600000000000150e-01	5.926200000000000045e+01	4.036699999999999733e+01	1.008200000000000068e-01	0.000000000000000000e+00	1.008200000000000068e-01	2.066099999999999881e-02	5.166099999999999859e-03	0.000000000000000000e+00	1.266500000000000126e-01	7.725400000000000045e-01	0.000000000000000000e+00	0.000000000000000000e+00
1.120000000000000000e+03	3.712199999999999944e-01	6.224300000000000210e+01	4.403999999999999915e+01	1.054900000000000004e-01	0.000000000000000000e+00	1.054900000000000004e-01	1.945600000000000107e-02	4.682500000000000030e-03	0.000000000000000000e+00	1.296299999999999952e-01	7.648800000000000043e-01	0.000000000000000000e+00	0.000000000000000000e+00
1.130000000000000000e+03	3.803300000000000014e-01	6.523699999999999477e+01	4.780700000000000216e+01	1.100399999999999989e-01	0.000000000000000000e+00	1.100399999999999989e-01	1.833299999999999860e-02	4.233299999999999737e-03	0.000000000000000000e+00	1.326100000000000056e-01	7.573499999999999677e-01	0.000000000000000000e+00	0.000000000000000000e+00
1.140000000000000000e+03	3.891899999999999804e-01	6.824699999999999989e+01	5.166499999999999915e+01	1.144799999999999984e-01	0.000000000000000000e+00	1.144799999999999984e-01	1.728499999999999828e-02	3.816099999999999787e-03	0.000000000000000000e+00	1.355800000000000061e-01	7.499400000000000510e-01	0.000000000000000000e+00	0.000000000000000000e+00
1.150000000000000000e+03	3.978499999999999814e-01	7.127200000000000557e+01	5.561099999999999710e+01	1.188199999999999951e-01	0.000000000000000000e+00	1.188199999999999951e-01	1.630500000000000005e-02	3.428800000000000077e-03	0.000000000000000000e+00	1.385500000000000065e-01	7.426300000000000123e-01	0.000000000000000000e+00	0.000000000000000000e+00
1.160000000000000000e+03	4.063100000000000045e-01	7.431300000000000239e+01	5.964200000000000301e+01	1.230699999999999988e-01	0.000000000000000000e+00	1.230699999999999988e-01	1.538600000000000037e-02	3.069399999999999906e-03	0.000000000000000000e+00	1.415299999999999891e-01	7.354000000000000536e-01	0.000000000000000000e+00	0.000000000000000000e+00
1.170000000000000000e+03	4.154300000000000215e-01	7.767600000000000193e+01	6.377600000000000335e+01	1.256799999999999862e-01	0.000000000000000000e+00	1.256799999999999862e-01	1.403199999999999933e-02	2.480099999999999839e-03	0.000000000000000000e+00	1.466099999999999903e-01	7.232899999999999885e-01	0.000000000000000000e+00	0.000000000000000000e+00
1.180000000000000000e+03	4.250999999999999779e-01	8.130800000000000693e+01	6.801600000000000534e+01	1.268100000000000060e-01	0.000000000000000000e+00	1.268100000000000060e-01	1.239200000000000024e-02	1.769299999999999909e-03	0.000000000000000000e+00	1.535700000000000121e-01	7.070199999999999818e-01	0.000000000000000000e+00	0.000000000000000000e+00
1.190000000000000000e+03	4.346800000000000108e-01	8.496699999999999875e+01	7.235099999999999909e+01	1.276899999999999979e-01	0.000000000000000000e+00	1.276899999999999979e-01	1.086600000000000066e-02	1.159700000000000054e-03	0.000000000000000000e+00	1.607800000000000062e-01	6.904599999999999627e-01	0.000000000000000000e+00	0.000000000000000000e+00
1.200000000000000000e+03	4.441100000000000048e-01	8.862399999999999523e+01	7.677700000000000102e+01	1.284700000000000009e-01	0.000000000000000000e+00	1.284700000000000009e-01	9.488399999999999265e-03	6.698900000000000254e-04	0.000000000000000000e+00	1.680399999999999949e-01	6.740899999999999670e-01	0.000000000000000000e+00	0.000000000000000000e+00
1.210000000000000000e+03	4.533499999999999752e-01	9.226600000000000534e+01	8.129300000000000637e+01	1.292099999999999915e-01	0.000000000000000000e+00	1.292099999999999915e-01	8.258100000000000857e-03	3.027400000000000186e-04	0.000000000000000000e+00	1.752499999999999891e-01	6.580599999999999783e-01	0.000000000000000000e+00	0.000000000000000000e+00
1.220000000000000000e+03	4.624099999999999877e-01	9.588599999999999568e+01	8.589700000000000557e+01	1.299299999999999899e-01	0.000000000000000000e+00	1.299299999999999899e-01	7.166299999999999580e-03	6.388999999999999985e-05	0.000000000000000000e+00	1.823899999999999966e-01	6.424499999999999655e-01	0.000000000000000000e+00	0.000000000000000000e+00
1.230000000000000000e+03	4.713800000000000212e-01	9.952899999999999636e+01	9.058400000000000318e+01	1.307800000000000074e-01	1.400700000000000057e-04	1.306400000000000061e-01	6.203099999999999586e-03	0.000000000000000000e+00	0.000000000000000000e+00	1.893199999999999883e-01	6.271400000000000308e-01	0.000000000000000000e+00	0.000000000000000000e+00
1.240000000000000000e+03	4.816799999999999971e-01	1.037500000000000000e+02	9.536299999999999955e+01	1.331100000000000061e-01	1.936299999999999957e-03	1.311700000000000088e-01	5.384800000000000350e-03	0.000000000000000000e+00	0.000000000000000000e+00	1.946400000000000075e-01	6.102999999999999536e-01	0.000000000000000000e+00	0.000000000000000000e+00
1.250000000000000000e+03	4.926400000000000223e-01	1.082800000000000011e+02	1.002500000000000000e+02	1.362200000000000077e-01	4.611299999999999601e-03	1.316100000000000048e-01	4.681199999999999944e-03	0.000000000000000000e+00	0.000000000000000000e+00	1.989299999999999957e-01	5.929900000000000171e-01	0.000000000000000000e+00	0.000000000000000000e+00
1.260000000000000000e+03	5.039400000000000546e-01	1.129599999999999937e+02	1.052399999999999949e+02	1.397799999999999876e-01	7.780200000000000136e-03	1.320000000000000062e-01	4.072600000000000005e-03	0.000000000000000000e+00	0.000000000000000000e+00	2.024900000000000033e-01	5.757499999999999840e-01	0.000000000000000000e+00	0.000000000000000000e+00
1.270000000000000000e+03	5.154400000000000093e-01	1.177399999999999949e+02	1.103499999999999943e+02	1.436399999999999899e-01	1.126500000000000071e-02	1.323699999999999877e-01	3.545400000000000201e-03	0.000000000000000000e+00	0.000000000000000000e+00	2.054700000000000137e-01	5.587999999999999634e-01	0.000000000000000000e+00	0.000000000000000000e+00
1.280000000000000000e+03	5.270399999999999530e-01	1.225699999999999932e+02	1.155699999999999932e+02	1.476999999999999980e-01	1.495699999999999981e-02	1.327399999999999969e-01	3.088500000000000099e-03	0.000000000000000000e+00	0.000000000000000000e+00	2.079600000000000060e-01	5.423000000000000043e-01	0.000000000000000000e+00	0.000000000000000000e+00
1.290000000000000000e+03	5.386800000000000477e-01	1.274200000000000017e+02	1.209000000000000057e+02	1.519199999999999995e-01	1.878200000000000008e-02	1.331299999999999983e-01	2.692299999999999902e-03	0.000000000000000000e+00	0.000000000000000000e+00	2.100100000000000022e-01	5.263200000000000101e-01	0.000000000000000000e+00	0.000000000000000000e+00
1.300000000000000000e+03	5.503200000000000314e-01	1.322700000000000102e+02	1.263499999999999943e+02	1.562399999999999900e-01	2.268699999999999883e-02	1.335500000000000020e-01	2.348700000000000006e-03	0.000000000000000000e+00	0.000000000000000000e+00	2.116800000000000070e-01	5.109200000000000408e-01	0.000000000000000000e+00	0.000000000000000000e+00
1.310000000000000000e+03	5.619199999999999751e-01	1.371200000000000045e+02	1.319199999999999875e+02	1.606400000000000050e-01	2.663300000000000042e-02	1.340000000000000080e-01	2.050600000000000079e-03	0.000000000000000000e+00	0.000000000000000000e+00	2.130199999999999871e-01	4.961099999999999954e-01	0.000000000000000000e+00	0.000000000000000000e+00
1.320000000000000000e+03	5.734500000000000153e-01	1.419399999999999977e+02	1.375999999999999943e+02	1.650899999999999868e-01	3.059299999999999867e-02	1.344899999999999984e-01	1.791899999999999916e-03	0.000000000000000000e+00	0.000000000000000000e+00	2.140499999999999903e-01	4.819100000000000050e-01	0.000000000000000000e+00	0.000000000000000000e+00
1.330000000000000000e+03	5.849100000000000410e-01	1.467400000000000091e+02	1.434000000000000057e+02	1.695800000000000085e-01	3.454399999999999832e-02	1.350300000000000111e-01	1.567299999999999987e-03	0.000000000000000000e+00	0.000000000000000000e+00	2.148100000000000009e-01	4.683100000000000041e-01	0.000000000000000000e+00	0.000000000000000000e+00
1.340000000000000000e+03	5.962699999999999667e-01	1.515099999999999909e+02	1.493100000000000023e+02	1.740899999999999948e-01	3.847199999999999925e-02	1.356199999999999906e-01	1.372299999999999909e-03	0.000000000000000000e+00	0.000000000000000000e+00	2.153299999999999936e-01	4.552999999999999825e-01	0.000000000000000000e+00	0.000000000000000000e+00
1.350000000000000000e+03	6.075199999999999489e-01	1.562400000000000091e+02	1.553300000000000125e+02	1.786200000000000010e-01	4.236499999999999988e-02	1.362500000000000100e-01	1.202799999999999963e-03	0.000000000000000000e+00	0.000000000000000000e+00	2.156200000000000061e-01	4.428599999999999759e-01	0.000000000000000000e+00	0.000000000000000000e+00
1.360000000000000000e+03	6.186700000000000532e-01	1.609399999999999977e+02	1.614600000000000080e+02	1.831599999999999895e-01	4.621499999999999914e-02	1.369400000000000062e-01	1.055500000000000015e-03	0.000000000000000000e+00	0.000000000000000000e+00	2.157199999999999951e-01	4.309799999999999742e-01	0.000000000000000000e+00	0.000000000000000000e+00
1.370000000000000000e+03	6.297000000000000375e-01	1.655999999999999943e+02	1.677100000000000080e+02	1.877000000000000057e-01	5.001599999999999796e-02	1.376900000000000068e-01	9.273200000000000323e-04	0.000000000000000000e+00	0.000000000000000000e+00	2.156200000000000061e-01	4.196300000000000030e-01	0.000000000000000000e+00	0.000000000000000000e+00
1.380000000000000000e+03	6.406399999999999872e-01	1.702299999999999898e+02	1.740600000000000023e+02	1.922699999999999965e-01	5.377599999999999741e-02	1.384900000000000020e-01	8.156700000000000018e-04	0.000000000000000000e+00	0.000000000000000000e+00	2.153200000000000114e-01	4.087000000000000077e-01	0.000000000000000000e+00	1.501600000000000124e-04
1.390000000000000000e+03	6.519399999999999640e-01	1.750300000000000011e+02	1.805300000000000011e+02	1.972399999999999987e-01	5.770700000000000135e-02	1.395399999999999974e-01	7.163099999999999502e-04	0.000000000000000000e+00	0.000000000000000000e+00	2.140799999999999925e-01	3.964900000000000091e-01	0.000000000000000000e+00	2.947400000000000193e-03
1.400000000000000000e+03	6.638699999999999601e-01	1.800999999999999943e+02	1.871100000000000136e+02	2.028899999999999870e-01	6.196000000000000119e-02	1.409299999999999997e-01	6.266299999999999822e-04	0.000000000000000000e+00	0.000000000000000000e+00	2.113400000000000001e-01	3.818500000000000227e-01	0.000000000000000000e+00	1.022999999999999951e-02
1.410000000000000000e+03	6.769699999999999607e-01	1.856500000000000057e+02	1.938100000000000023e+02	2.097900000000000043e-01	6.686300000000000576e-02	1.429199999999999915e-01	5.429299999999999534e-04	0.000000000000000000e+00	0.000000000000000000e+00	2.058099999999999929e-01	3.621400000000000174e-01	0.000000000000000000e+00	2.619600000000000053e-02
1.420000000000000000e+03	6.905400000000000427e-01	1.913799999999999955e+02	2.006500000000000057e+02	2.174399999999999944e-01	7.217099999999999904e-02	1.452700000000000102e-01	4.664299999999999913e-04	0.000000000000000000e+00	0.000000000000000000e+00	1.981199999999999906e-01	3.389900000000000135e-01	0.000000000000000000e+00	4.872100000000000042e-02
1.430000000000000000e+03	7.140499999999999625e-01	2.010000000000000000e+02	2.077500000000000000e+02	2.290300000000000114e-01	7.933500000000000274e-02	1.496899999999999897e-01	4.061900000000000124e-04	0.000000000000000000e+00	0.000000000000000000e+00	1.512499999999999956e-01	2.688200000000000034e-01	3.607799999999999896e-02	1.189299999999999941e-01
1.440000000000000000e+03	7.248400000000000398e-01	2.054099999999999966e+02	2.149499999999999886e+02	2.333600000000000119e-01	8.251999999999999613e-02	1.508500000000000119e-01	3.657099999999999934e-04	0.000000000000000000e+00	0.000000000000000000e+00	1.456800000000000039e-01	2.569199999999999817e-01	4.111299999999999677e-02	1.223100000000000021e-01
1.450000000000000000e+03	7.351900000000000102e-01	2.096500000000000057e+02	2.222500000000000000e+02	2.375599999999999934e-01	8.557199999999999529e-02	1.519899999999999862e-01	3.302199999999999927e-04	0.000000000000000000e+00	0.000000000000000000e+00	1.413699999999999957e-01	2.470400000000000096e-01	4.491099999999999953e-02	1.240099999999999952e-01
1.460000000000000000e+03	7.452400000000000135e-01	2.137899999999999920e+02	2.296500000000000057e+02	2.416800000000000059e-01	8.853300000000000058e-02	1.531500000000000083e-01	2.990099999999999984e-04	0.000000000000000000e+00	0.000000000000000000e+00	1.377800000000000136e-01	2.384199999999999930e-01	4.795800000000000063e-02	1.247999999999999943e-01
1.470000000000000000e+03	7.551499999999999879e-01	2.179099999999999966e+02	2.371500000000000057e+02	2.456500000000000072e-01	9.137800000000000089e-02	1.542800000000000005e-01	2.713799999999999936e-04	0.000000000000000000e+00	0.000000000000000000e+00	1.345999999999999974e-01	2.305999999999999994e-01	5.045299999999999785e-02	1.249600000000000016e-01
1.480000000000000000e+03	7.653400000000000203e-01	2.221500000000000057e+02	2.447599999999999909e+02	2.489699999999999969e-01	9.391800000000000148e-02	1.550499999999999934e-01	2.464300000000000106e-04	0.000000000000000000e+00	0.000000000000000000e+00	1.314099999999999990e-01	2.229299999999999893e-01	5.240899999999999725e-02	1.244200000000000028e-01
1.490000000000000000e+03	7.755300000000000527e-01	2.264199999999999875e+02	2.524600000000000080e+02	2.519799999999999818e-01	9.628000000000000447e-02	1.557000000000000051e-01	2.242500000000000027e-04	0.000000000000000000e+00	0.000000000000000000e+00	1.283400000000000096e-01	2.156500000000000083e-01	5.397199999999999914e-02	1.234900000000000025e-01
1.500000000000000000e+03	7.856400000000000050e-01	2.306699999999999875e+02	2.602699999999999818e+02	2.548199999999999910e-01	9.851799999999999446e-02	1.562999999999999945e-01	2.046499999999999871e-04	0.000000000000000000e+00	0.000000000000000000e+00	1.254200000000000037e-01	2.087900000000000034e-01	5.522500000000000325e-02	1.223100000000000021e-01
1.510000000000000000e+03	7.956100000000000394e-01	2.348899999999999864e+02	2.681700000000000159e+02	2.575799999999999756e-01	1.006599999999999995e-01	1.569099999999999939e-01	1.873800000000000118e-04	0.000000000000000000e+00	0.000000000000000000e+00	1.226300000000000029e-01	2.023600000000000121e-01	5.622599999999999820e-02	1.209800000000000042e-01
1.520000000000000000e+03	8.054400000000000448e-01	2.390600000000000023e+02	2.761800000000000068e+02	2.602900000000000214e-01	1.027399999999999980e-01	1.575600000000000056e-01	1.721899999999999896e-04	0.000000000000000000e+00	0.000000000000000000e+00	1.199699999999999933e-01	1.963300000000000045e-01	5.701799999999999924e-02	1.195599999999999996e-01
1.530000000000000000e+03	8.151100000000000012e-01	2.431899999999999977e+02	2.842799999999999727e+02	2.630000000000000115e-01	1.047499999999999959e-01	1.582500000000000018e-01	1.588299999999999955e-04	0.000000000000000000e+00	0.000000000000000000e+00	1.174400000000000027e-01	1.906899999999999984e-01	5.763599999999999973e-02	1.180900000000000005e-01
1.540000000000000000e+03	8.246200000000000196e-01	2.472700000000000102e+02	2.924800000000000182e+02	2.657200000000000117e-01	1.067199999999999954e-01	1.590000000000000024e-01	1.470999999999999977e-04	0.000000000000000000e+00	0.000000000000000000e+00	1.150100000000000011e-01	1.854099999999999915e-01	5.810400000000000287e-02	1.165999999999999953e-01
1.550000000000000000e+03	8.339800000000000546e-01	2.513000000000000114e+02	3.007699999999999818e+02	2.684799999999999964e-01	1.086499999999999966e-01	1.598299999999999998e-01	1.368100000000000132e-04	0.000000000000000000e+00	0.000000000000000000e+00	1.126899999999999985e-01	1.804699999999999915e-01	5.844599999999999795e-02	1.151200000000000001e-01
1.560000000000000000e+03	8.431800000000000406e-01	2.553000000000000114e+02	3.091600000000000250e+02	2.712899999999999756e-01	1.105600000000000055e-01	1.607399999999999940e-01	1.277899999999999945e-04	0.000000000000000000e+00	0.000000000000000000e+00	1.104699999999999988e-01	1.758299999999999863e-01	5.867800000000000099e-02	1.136500000000000010e-01
1.570000000000000000e+03	8.522399999999999975e-01	2.592500000000000000e+02	3.176399999999999864e+02	2.741700000000000248e-01	1.124499999999999944e-01	1.617200000000000026e-01	1.199000000000000006e-04	0.000000000000000000e+00	0.000000000000000000e+00	1.083400000000000057e-01	1.714900000000000035e-01	5.881600000000000023e-02	1.122200000000000003e-01
1.580000000000000000e+03	8.611600000000000366e-01	2.631600000000000250e+02	3.262099999999999795e+02	2.771100000000000230e-01	1.143200000000000049e-01	1.627899999999999903e-01	1.129999999999999955e-04	0.000000000000000000e+00	0.000000000000000000e+00	1.062899999999999956e-01	1.674200000000000133e-01	5.887099999999999972e-02	1.108200000000000018e-01
1.590000000000000000e+03	8.699500000000000011e-01	2.670400000000000205e+02	3.348600000000000136e+02	2.801299999999999901e-01	1.161800000000000055e-01	1.639500000000000124e-01	1.069900000000000039e-04	0.000000000000000000e+00	0.000000000000000000e+00	1.043199999999999961e-01	1.636100000000000054e-01	5.885300000000000253e-02	1.094699999999999979e-01
1.600000000000000000e+03	8.786300000000000221e-01	2.708899999999999864e+02	3.436000000000000227e+02	2.832299999999999818e-01	1.180400000000000060e-01	1.652000000000000135e-01	1.017800000000000047e-04	0.000000000000000000e+00	0.000000000000000000e+00	1.024100000000000010e-01	1.600300000000000056e-01	5.877299999999999885e-02	1.081700000000000023e-01
1.610000000000000000e+03	8.872100000000000541e-01	2.747200000000000273e+02	3.524300000000000068e+02	2.864300000000000179e-01	1.198899999999999966e-01	1.665300000000000114e-01	9.728000000000000373e-05	0.000000000000000000e+00	0.000000000000000000e+00	1.005800000000000027e-01	1.566800000000000137e-01	5.863600000000000062e-02	1.069299999999999973e-01
1.620000000000000000e+03	8.956899999999999862e-01	2.785299999999999727e+02	3.613500000000000227e+02	2.897100000000000231e-01	1.217499999999999971e-01	1.679599999999999982e-01	9.342400000000000541e-05	0.000000000000000000e+00	0.000000000000000000e+00	9.880500000000000393e-02	1.535299999999999998e-01	5.844900000000000095e-02	1.057400000000000007e-01
1.630000000000000000e+03	9.040899999999999492e-01	2.823199999999999932e+02	3.703500000000000227e+02	2.931000000000000272e-01	1.236099999999999977e-01	1.694799999999999918e-01	9.015400000000000453e-05	0.000000000000000000e+00	0.000000000000000000e+00	9.708700000000000663e-02	1.505700000000000094e-01	5.821699999999999792e-02	1.045999999999999985e-01
1.640000000000000000e+03	9.124200000000000088e-01	2.861100000000000136e+02	3.794300000000000068e+02	2.965800000000000103e-01	1.254899999999999904e-01	1.711000000000000021e-01	8.741699999999999330e-05	0.000000000000000000e+00	0.000000000000000000e+00	9.542200000000000681e-02	1.477999999999999869e-01	5.794599999999999751e-02	1.035200000000000009e-01
1.650000000000000000e+03	9.206900000000000084e-01	2.898899999999999864e+02	3.886000000000000227e+02	3.001699999999999924e-01	1.273700000000000110e-01	1.728099999999999914e-01	8.517300000000000597e-05	0.000000000000000000e+00	0.000000000000000000e+00	9.380600000000000049e-02	1.451900000000000135e-01	5.763800000000000173e-02	1.024899999999999978e-01
1.660000000000000000e+03	9.289100000000000135e-01	2.936700000000000159e+02	3.978399999999999750e+02	3.038699999999999735e-01	1.292600000000000138e-01	1.746099999999999874e-01	8.338600000000000428e-05	0.000000000000000000e+00	0.000000000000000000e+00	9.223499999999999754e-02	1.427400000000000058e-01	5.729800000000000171e-02	1.015100000000000030e-01
1.670000000000000000e+03	9.370899999999999785e-01	2.974499999999999886e+02	4.071700000000000159e+02	3.076800000000000090e-01	1.311700000000000088e-01	1.765100000000000002e-01	8.202700000000000594e-05	0.000000000000000000e+00	0.000000000000000000e+00	9.070499999999999396e-02	1.404499999999999915e-01	5.692699999999999844e-02	1.005899999999999989e-01
1.680000000000000000e+03	9.452500000000000346e-01	3.012400000000000091e+02	4.165899999999999750e+02	3.115999999999999881e-01	1.330900000000000138e-01	1.785100000000000020e-01	8.107400000000000338e-05	0.000000000000000000e+00	0.000000000000000000e+00	8.921500000000000263e-02	1.382899999999999963e-01	5.652999999999999692e-02	9.972799999999999720e-02
1.690000000000000000e+03	9.533899999999999597e-01	3.050500000000000114e+02	4.260799999999999841e+02	3.156399999999999761e-01	1.350300000000000111e-01	1.806099999999999928e-01	8.050899999999999777e-05	0.000000000000000000e+00	0.000000000000000000e+00	8.775900000000000367e-02	1.362700000000000022e-01	5.610699999999999715e-02	9.891400000000000192e-02
1.700000000000000000e+03	9.615299999999999958e-01	3.088799999999999955e+02	4.356499999999999773e+02	3.197999999999999732e-01	1.369900000000000007e-01	1.828100000000000003e-01	8.031799999999999910e-05	0.000000000000000000e+00	0.000000000000000000e+00	8.633699999999999708e-02	1.343699999999999894e-01	5.566100000000000214e-02	9.815000000000000113e-02
1.710000000000000000e+03	9.696799999999999864e-01	3.127300000000000182e+02	4.453100000000000023e+02	3.240899999999999892e-01	1.389799999999999924e-01	1.851099999999999968e-01	8.049499999999999418e-05	0.000000000000000000e+00	0.000000000000000000e+00	8.494500000000000661e-02	1.325900000000000134e-01	5.519299999999999901e-02	9.743599999999999484e-02
1.720000000000000000e+03	9.778499999999999970e-01	3.166000000000000227e+02	4.550500000000000114e+02	3.285000000000000142e-01	1.409799999999999942e-01	1.875100000000000100e-01	8.103499999999999918e-05	0.000000000000000000e+00	0.000000000000000000e+00	8.358100000000000251e-02	1.309200000000000086e-01	5.470499999999999668e-02	9.677099999999999591e-02
1.730000000000000000e+03	9.860499999999999821e-01	3.205199999999999818e+02	4.648700000000000045e+02	3.330400000000000027e-01	1.430099999999999982e-01	1.900199999999999945e-01	8.193699999999999833e-05	0.000000000000000000e+00	0.000000000000000000e+00	8.224299999999999666e-02	1.293600000000000028e-01	5.419700000000000212e-02	9.615300000000000236e-02
1.740000000000000000e+03	9.942999999999999616e-01	3.244700000000000273e+02	4.747699999999999818e+02	3.377200000000000202e-01	1.450700000000000045e-01	1.926400000000000057e-01	8.320600000000000262e-05	0.000000000000000000e+00	0.000000000000000000e+00	8.092699999999999894e-02	1.279099999999999959e-01	5.367100000000000343e-02	9.558200000000000029e-02
1.750000000000000000e+03	1.002599999999999936e+00	3.284599999999999795e+02	4.847500000000000000e+02	3.425300000000000011e-01	1.471600000000000130e-01	1.953699999999999881e-01	8.485000000000000246e-05	0.000000000000000000e+00	0.000000000000000000e+00	7.963299999999999546e-02	1.265499999999999958e-01	5.312700000000000061e-02	9.505600000000000160e-02
1.760000000000000000e+03	1.010999999999999899e+00	3.325099999999999909e+02	4.948199999999999932e+02	3.474900000000000211e-01	1.492700000000000138e-01	1.982200000000000073e-01	8.687999999999999488e-05	0.000000000000000000e+00	0.000000000000000000e+00	7.835799999999999710e-02	1.252800000000000025e-01	5.256600000000000161e-02	9.457500000000000628e-02
1.770000000000000000e+03	1.019400000000000084e+00	3.366100000000000136e+02	5.049700000000000273e+02	3.525900000000000145e-01	1.514099999999999890e-01	2.011799999999999977e-01	8.931300000000000361e-05	0.000000000000000000e+00	0.000000000000000000e+00	7.710000000000000187e-02	1.241000000000000020e-01	5.198799999999999949e-02	9.413699999999999846e-02
1.780000000000000000e+03	1.028000000000000025e+00	3.407699999999999818e+02	5.152100000000000364e+02	3.578399999999999914e-01	1.535799999999999943e-01	2.042599999999999971e-01	9.216700000000000034e-05	0.000000000000000000e+00	0.000000000000000000e+00	7.585799999999999488e-02	1.229999999999999982e-01	5.139400000000000218e-02	9.374100000000000488e-02
1.790000000000000000e+03	1.036599999999999966e+00	3.449900000000000091e+02	5.255299999999999727e+02	3.632500000000000173e-01	1.557900000000000118e-01	2.074600000000000055e-01	9.546800000000000143e-05	0.000000000000000000e+00	0.000000000000000000e+00	7.462900000000000089e-02	1.219800000000000051e-01	5.078300000000000175e-02	9.338699999999999779e-02
1.800000000000000000e+03	1.045400000000000107e+00	3.492900000000000205e+02	5.359400000000000546e+02	3.688199999999999812e-01	1.580300000000000038e-01	2.107900000000000051e-01	9.924299999999999832e-05	0.000000000000000000e+00	0.000000000000000000e+00	7.341100000000000403e-02	1.210399999999999948e-01	5.015599999999999919e-02	9.307400000000000395e-02
1.810000000000000000e+03	1.054300000000000015e+00	3.536700000000000159e+02	5.464400000000000546e+02	3.745499999999999940e-01	1.603100000000000080e-01	2.142499999999999960e-01	1.035300000000000066e-04	0.000000000000000000e+00	0.000000000000000000e+00	7.220300000000000329e-02	1.201799999999999952e-01	4.951300000000000145e-02	9.279999999999999361e-02
1.820000000000000000e+03	1.063399999999999901e+00	3.581299999999999955e+02	5.570299999999999727e+02	3.804600000000000204e-01	1.626199999999999868e-01	2.178400000000000059e-01	1.083599999999999993e-04	0.000000000000000000e+00	0.000000000000000000e+00	7.100299999999999667e-02	1.193899999999999961e-01	4.885400000000000159e-02	9.256499999999999451e-02
1.830000000000000000e+03	1.072599999999999998e+00	3.626800000000000068e+02	5.677100000000000364e+02	3.865399999999999947e-01	1.649599999999999955e-01	2.215699999999999892e-01	1.137799999999999982e-04	0.000000000000000000e+00	0.000000000000000000e+00	6.980899999999999606e-02	1.186600000000000016e-01	4.817799999999999860e-02	9.236700000000000466e-02
1.840000000000000000e+03	1.082000000000000073e+00	3.673299999999999841e+02	5.784800000000000182e+02	3.927999999999999825e-01	1.673499999999999988e-01	2.254500000000000115e-01	1.198400000000000046e-04	0.000000000000000000e+00	0.000000000000000000e+00	6.862000000000000044e-02	1.179999999999999938e-01	4.748499999999999943e-02	9.220699999999999730e-02
1.850000000000000000e+03	1.091699999999999893e+00	3.720899999999999750e+02	5.893500000000000227e+02	3.992399999999999838e-01	1.697700000000000042e-01	2.294700000000000073e-01	1.266100000000000092e-04	0.000000000000000000e+00	0.000000000000000000e+00	6.743300000000000682e-02	1.174000000000000044e-01	4.677499999999999714e-02	9.208199999999999719e-02
1.860000000000000000e+03	1.101499999999999924e+00	3.769599999999999795e+02	6.003099999999999454e+02	4.058800000000000185e-01	1.722400000000000042e-01	2.336399999999999866e-01	1.341299999999999914e-04	0.000000000000000000e+00	0.000000000000000000e+00	6.624599999999999933e-02	1.168700000000000017e-01	4.604699999999999765e-02	9.199200000000000432e-02
1.870000000000000000e+03	1.111599999999999921e+00	3.819499999999999886e+02	6.113799999999999955e+02	4.127100000000000213e-01	1.747400000000000064e-01	2.379699999999999871e-01	1.424899999999999995e-04	0.000000000000000000e+00	0.000000000000000000e+00	6.505900000000000571e-02	1.163899999999999935e-01	4.529999999999999999e-02	9.193600000000000383e-02
1.880000000000000000e+03	1.121899999999999897e+00	3.870699999999999932e+02	6.225399999999999636e+02	4.197500000000000120e-01	1.772799999999999931e-01	2.424699999999999911e-01	1.517699999999999919e-04	0.000000000000000000e+00	0.000000000000000000e+00	6.386799999999999422e-02	1.159700000000000036e-01	4.453399999999999720e-02	9.191299999999999470e-02
1.890000000000000000e+03	1.132500000000000062e+00	3.923199999999999932e+02	6.338200000000000500e+02	4.269899999999999807e-01	1.798599999999999921e-01	2.471200000000000063e-01	1.620500000000000087e-04	0.000000000000000000e+00	0.000000000000000000e+00	6.267200000000000548e-02	1.155999999999999944e-01	4.374700000000000116e-02	9.192000000000000171e-02
1.900000000000000000e+03	1.143499999999999961e+00	3.977099999999999795e+02	6.452000000000000455e+02	4.344299999999999828e-01	1.824800000000000033e-01	2.519500000000000073e-01	1.734399999999999928e-04	0.000000000000000000e+00	0.000000000000000000e+00	6.146800000000000180e-02	1.152799999999999936e-01	4.293899999999999800e-02	9.195799999999999808e-02
1.910000000000000000e+03	1.154700000000000060e+00	4.032599999999999909e+02	6.566900000000000546e+02	4.420899999999999830e-01	1.851399999999999990e-01	2.569500000000000117e-01	1.860599999999999906e-04	0.000000000000000000e+00	0.000000000000000000e+00	6.025500000000000300e-02	1.150000000000000050e-01	4.210900000000000060e-02	9.202200000000000657e-02
1.920000000000000000e+03	1.166299999999999892e+00	4.089700000000000273e+02	6.682899999999999636e+02	4.499600000000000266e-01	1.878299999999999970e-01	2.621299999999999741e-01	2.000199999999999992e-04	0.000000000000000000e+00	0.000000000000000000e+00	5.902999999999999914e-02	1.147699999999999970e-01	4.125500000000000000e-02	9.211300000000000043e-02
1.930000000000000000e+03	1.178299999999999903e+00	4.148399999999999750e+02	6.800099999999999909e+02	4.580400000000000027e-01	1.905499999999999972e-01	2.674900000000000055e-01	2.154699999999999953e-04	0.000000000000000000e+00	0.000000000000000000e+00	5.779000000000000109e-02	1.145800000000000013e-01	4.037600000000000217e-02	9.222600000000000242e-02
1.940000000000000000e+03	1.190700000000000092e+00	4.208799999999999955e+02	6.918500000000000227e+02	4.663200000000000123e-01	1.932899999999999896e-01	2.730299999999999949e-01	2.325499999999999876e-04	0.000000000000000000e+00	0.000000000000000000e+00	5.653199999999999892e-02	1.144300000000000039e-01	3.946999999999999814e-02	9.235799999999999566e-02
1.950000000000000000e+03	1.203400000000000025e+00	4.271000000000000227e+02	7.038200000000000500e+02	4.747999999999999998e-01	1.960600000000000120e-01	2.787399999999999878e-01	2.514400000000000185e-04	0.000000000000000000e+00	0.000000000000000000e+00	5.525399999999999756e-02	1.142999999999999988e-01	3.853499999999999981e-02	9.250500000000000389e-02
1.960000000000000000e+03	1.216599999999999904e+00	4.335000000000000000e+02	7.159199999999999591e+02	4.834499999999999909e-01	1.988300000000000067e-01	2.846199999999999841e-01	2.723199999999999948e-04	0.000000000000000000e+00	0.000000000000000000e+00	5.395099999999999896e-02	1.141899999999999998e-01	3.756899999999999823e-02	9.266199999999999437e-02
1.970000000000000000e+03	1.230299999999999949e+00	4.400799999999999841e+02	7.281599999999999682e+02	4.922599999999999754e-01	2.016000000000000014e-01	2.906699999999999839e-01	2.953799999999999807e-04	0.000000000000000000e+00	0.000000000000000000e+00	5.262000000000000011e-02	1.140999999999999931e-01	3.657099999999999934e-02	9.282200000000000173e-02
1.980000000000000000e+03	1.244299999999999962e+00	4.468299999999999841e+02	7.405299999999999727e+02	5.011900000000000244e-01	2.043399999999999939e-01	2.968399999999999928e-01	3.208299999999999759e-04	0.000000000000000000e+00	0.000000000000000000e+00	5.125500000000000195e-02	1.140100000000000002e-01	3.553599999999999814e-02	9.297300000000000009e-02
1.990000000000000000e+03	1.258799999999999919e+00	4.537400000000000091e+02	7.530399999999999636e+02	5.101499999999999924e-01	2.070299999999999918e-01	3.031200000000000006e-01	3.488499999999999956e-04	0.000000000000000000e+00	0.000000000000000000e+00	4.984999999999999848e-02	1.139000000000000012e-01	3.445999999999999758e-02	9.310300000000000520e-02
2.000000000000000000e+03	1.273700000000000054e+00	4.607699999999999818e+02	7.657000000000000455e+02	5.190399999999999459e-01	2.096099999999999908e-01	3.094299999999999828e-01	3.796100000000000060e-04	0.000000000000000000e+00	0.000000000000000000e+00	4.839500000000000052e-02	1.137500000000000039e-01	3.333799999999999958e-02	9.318700000000000594e-02
2.010000000000000000e+03	1.288599999999999968e+00	4.677900000000000205e+02	7.785099999999999909e+02	5.274499999999999744e-01	2.119300000000000073e-01	3.155299999999999772e-01	4.130399999999999892e-04	0.000000000000000000e+00	0.000000000000000000e+00	4.685899999999999788e-02	1.134600000000000053e-01	3.214899999999999702e-02	9.315500000000000169e-02
2.020000000000000000e+03	1.303600000000000092e+00	4.748199999999999932e+02	7.914700000000000273e+02	5.354799999999999560e-01	2.140100000000000058e-01	3.214600000000000235e-01	4.493799999999999835e-04	0.000000000000000000e+00	0.000000000000000000e+00	4.525799999999999962e-02	1.130599999999999938e-01	3.090499999999999844e-02	9.302399999999999558e-02
2.030000000000000000e+03	1.319199999999999928e+00	4.820400000000000205e+02	8.045800000000000409e+02	5.437100000000000266e-01	2.161099999999999965e-01	3.276000000000000023e-01	4.893799999999999800e-04	0.000000000000000000e+00	0.000000000000000000e+00	4.364799999999999930e-02	1.126800000000000024e-01	2.964699999999999974e-02	9.289899999999999547e-02
2.040000000000000000e+03	1.335399999999999920e+00	4.894800000000000182e+02	8.178500000000000227e+02	5.521700000000000497e-01	2.182099999999999873e-01	3.339599999999999791e-01	5.334299999999999936e-04	0.000000000000000000e+00	0.000000000000000000e+00	4.202899999999999692e-02	1.123200000000000032e-01	2.837500000000000092e-02	9.277799999999999936e-02
2.050000000000000000e+03	1.352200000000000069e+00	4.971499999999999773e+02	8.312799999999999727e+02	5.608600000000000252e-01	2.203199999999999881e-01	3.405299999999999994e-01	5.819500000000000237e-04	0.000000000000000000e+00	0.000000000000000000e+00	4.040099999999999941e-02	1.119700000000000001e-01	2.708899999999999850e-02	9.265800000000000425e-02
2.060000000000000000e+03	1.369599999999999929e+00	5.050699999999999932e+02	8.448899999999999864e+02	5.697999999999999732e-01	2.224500000000000088e-01	3.473499999999999921e-01	6.354099999999999896e-04	0.000000000000000000e+00	0.000000000000000000e+00	3.876500000000000085e-02	1.116299999999999931e-01	2.579000000000000042e-02	9.253799999999999526e-02
2.070000000000000000e+03	1.387899999999999912e+00	5.132400000000000091e+02	8.586699999999999591e+02	5.789999999999999591e-01	2.245900000000000118e-01	3.544100000000000028e-01	6.943399999999999963e-04	0.000000000000000000e+00	0.000000000000000000e+00	3.712100000000000122e-02	1.112999999999999962e-01	2.447999999999999829e-02	9.241499999999999715e-02
2.080000000000000000e+03	1.407000000000000028e+00	5.216900000000000546e+02	8.726399999999999864e+02	5.884800000000000031e-01	2.267500000000000071e-01	3.617299999999999960e-01	7.593199999999999603e-04	0.000000000000000000e+00	0.000000000000000000e+00	3.546900000000000053e-02	1.109699999999999992e-01	2.316000000000000003e-02	9.228600000000000692e-02
2.090000000000000000e+03	1.426900000000000057e+00	5.304400000000000546e+02	8.867999999999999545e+02	5.982600000000000140e-01	2.289200000000000124e-01	3.693400000000000016e-01	8.309899999999999839e-04	0.000000000000000000e+00	0.000000000000000000e+00	3.380999999999999978e-02	1.106400000000000022e-01	2.183099999999999971e-02	9.214799999999999380e-02
2.100000000000000000e+03	1.447899999999999965e+00	5.395099999999999909e+02	9.011599999999999682e+02	6.083499999999999464e-01	2.311100000000000099e-01	3.772400000000000198e-01	9.100900000000000092e-04	0.000000000000000000e+00	0.000000000000000000e+00	3.214499999999999996e-02	1.102999999999999953e-01	2.049399999999999833e-02	9.199699999999999545e-02
2.110000000000000000e+03	1.469899999999999984e+00	5.489099999999999682e+02	9.157500000000000000e+02	6.187599999999999767e-01	2.333199999999999996e-01	3.854400000000000048e-01	9.974000000000000660e-04	0.000000000000000000e+00	0.000000000000000000e+00	3.047499999999999862e-02	1.099600000000000022e-01	1.915199999999999889e-02	9.182899999999999396e-02
2.120000000000000000e+03	1.493100000000000094e+00	5.586699999999999591e+02	9.305499999999999545e+02	6.295199999999999685e-01	2.355399999999999994e-01	3.939799999999999969e-01	1.093800000000000024e-03	0.000000000000000000e+00	0.000000000000000000e+00	2.880200000000000121e-02	1.096099999999999991e-01	1.780699999999999991e-02	9.163799999999999724e-02
2.130000000000000000e+03	1.517600000000000060e+00	5.688200000000000500e+02	9.455900000000000318e+02	6.406600000000000072e-01	2.377900000000000014e-01	4.028599999999999959e-01	1.200300000000000065e-03	0.000000000000000000e+00	0.000000000000000000e+00	2.712699999999999834e-02	1.092299999999999938e-01	1.646200000000000094e-02	9.141900000000000026e-02
2.140000000000000000e+03	1.543600000000000083e+00	5.793899999999999864e+02	9.608899999999999864e+02	6.521799999999999820e-01	2.400599999999999956e-01	4.121099999999999763e-01	1.317999999999999944e-03	0.000000000000000000e+00	0.000000000000000000e+00	2.545199999999999893e-02	1.088200000000000001e-01	1.511999999999999976e-02	9.116399999999999504e-02
2.150000000000000000e+03	1.571099999999999941e+00	5.903899999999999864e+02	9.764500000000000455e+02	6.641099999999999781e-01	2.423599999999999921e-01	4.217500000000000138e-01	1.448000000000000068e-03	0.000000000000000000e+00	0.000000000000000000e+00	2.378100000000000006e-02	1.083800000000000041e-01	1.378500000000000038e-02	9.086600000000000232e-02
2.160000000000000000e+03	1.600500000000000034e+00	6.018700000000000045e+02	9.922899999999999636e+02	6.764700000000000157e-01	2.446800000000000086e-01	4.318000000000000171e-01	1.591500000000000033e-03	1.988500000000000104e-06	0.000000000000000000e+00	2.211600000000000024e-02	1.078899999999999998e-01	1.246200000000000085e-02	9.051599999999999924e-02
2.170000000000000000e+03	1.631799999999999917e+00	6.138600000000000136e+02	1.008399999999999977e+03	6.892899999999999583e-01	2.470299999999999996e-01	4.422599999999999865e-01	1.749799999999999923e-03	3.268599999999999842e-05	0.000000000000000000e+00	2.046600000000000155e-02	1.073500000000000010e-01	1.115700000000000025e-02	9.009999999999999953e-02
2.180000000000000000e+03	1.665200000000000014e+00	6.263799999999999955e+02	1.024900000000000091e+03	7.025900000000000478e-01	2.494200000000000028e-01	4.531700000000000172e-01	1.923999999999999929e-03	8.558000000000000394e-05	0.000000000000000000e+00	1.883299999999999905e-02	1.067199999999999954e-01	9.877600000000000269e-03	8.960600000000000509e-02
2.190000000000000000e+03	1.701100000000000056e+00	6.394800000000000182e+02	1.041700000000000045e+03	7.163699999999999513e-01	2.518500000000000183e-01	4.645199999999999885e-01	2.115500000000000193e-03	1.577399999999999907e-04	0.000000000000000000e+00	1.722500000000000073e-02	1.060099999999999931e-01	8.630799999999999236e-03	8.901599999999999790e-02
2.200000000000000000e+03	1.739700000000000024e+00	6.531699999999999591e+02	1.058900000000000091e+03	7.306300000000000017e-01	2.543099999999999805e-01	4.763200000000000212e-01	2.325300000000000197e-03	2.487500000000000019e-04	0.000000000000000000e+00	1.565100000000000172e-02	1.051699999999999996e-01	7.426199999999999989e-03	8.830899999999999861e-02
2.210000000000000000e+03	1.781199999999999894e+00	6.674800000000000182e+02	1.076400000000000091e+03	7.453699999999999770e-01	2.568199999999999927e-01	4.885499999999999843e-01	2.553900000000000007e-03	3.585999999999999886e-04	0.000000000000000000e+00	1.412000000000000061e-02	1.042000000000000010e-01	6.275400000000000422e-03	8.745799999999999408e-02
2.220000000000000000e+03	1.825900000000000079e+00	6.823899999999999864e+02	1.094400000000000091e+03	7.605199999999999738e-01	2.593799999999999994e-01	5.011400000000000299e-01	2.800299999999999925e-03	4.869100000000000121e-04	0.000000000000000000e+00	1.264799999999999952e-02	1.030299999999999966e-01	5.192900000000000293e-03	8.642900000000000582e-02
2.230000000000000000e+03	1.873899999999999899e+00	6.978600000000000136e+02	1.112900000000000091e+03	7.759700000000000486e-01	2.620000000000000107e-01	5.139799999999999924e-01	3.061499999999999985e-03	6.319099999999999587e-04	0.000000000000000000e+00	1.125400000000000011e-02	1.016299999999999981e-01	4.196799999999999663e-03	8.517199999999999771e-02
2.240000000000000000e+03	1.924900000000000055e+00	7.137300000000000182e+02	1.131900000000000091e+03	7.914400000000000324e-01	2.646800000000000264e-01	5.267699999999999605e-01	3.328600000000000135e-03	7.882800000000000354e-04	0.000000000000000000e+00	9.969799999999999149e-03	9.991200000000000081e-02	3.312199999999999953e-03	8.361399999999999388e-02
2.250000000000000000e+03	1.977600000000000025e+00	7.295399999999999636e+02	1.151299999999999955e+03	8.062200000000000477e-01	2.674400000000000110e-01	5.387800000000000367e-01	3.576399999999999978e-03	9.404699999999999996e-04	0.000000000000000000e+00	8.857200000000000836e-03	9.770700000000000218e-02	2.582699999999999840e-03	8.161499999999999311e-02
2.260000000000000000e+03	2.023299999999999876e+00	7.427899999999999636e+02	1.171299999999999955e+03	8.166900000000000270e-01	2.703400000000000247e-01	5.463599999999999568e-01	3.681199999999999924e-03	1.012300000000000049e-03	0.000000000000000000e+00	8.184999999999999568e-03	9.434299999999999631e-02	2.187099999999999982e-03	7.858999999999999320e-02
2.270000000000000000e+03	2.065500000000000114e+00	7.547300000000000182e+02	1.191799999999999955e+03	8.249100000000000321e-01	2.733200000000000074e-01	5.515900000000000247e-01	3.707300000000000179e-03	1.037699999999999907e-03	0.000000000000000000e+00	7.736400000000000048e-03	9.037299999999999500e-02	1.951700000000000006e-03	7.502599999999999547e-02
2.280000000000000000e+03	2.109999999999999876e+00	7.670000000000000000e+02	1.212700000000000045e+03	8.333099999999999952e-01	2.763599999999999945e-01	5.569600000000000106e-01	3.735099999999999879e-03	1.064099999999999898e-03	0.000000000000000000e+00	7.308300000000000213e-03	8.629399999999999571e-02	1.730800000000000003e-03	7.135400000000000076e-02
2.290000000000000000e+03	2.157000000000000028e+00	7.796299999999999955e+02	1.234000000000000000e+03	8.419200000000000017e-01	2.794499999999999762e-01	5.624700000000000255e-01	3.764500000000000051e-03	1.091299999999999909e-03	0.000000000000000000e+00	6.895499999999999720e-03	8.209600000000000231e-02	1.521100000000000056e-03	6.756700000000000206e-02
2.300000000000000000e+03	2.206799999999999873e+00	7.926699999999999591e+02	1.255799999999999955e+03	8.507700000000000262e-01	2.826299999999999923e-01	5.681399999999999784e-01	3.795300000000000149e-03	1.119299999999999939e-03	0.000000000000000000e+00	6.489499999999999609e-03	7.776900000000000479e-02	1.317900000000000104e-03	6.365500000000000325e-02
2.310000000000000000e+03	2.259999999999999787e+00	8.061599999999999682e+02	1.278200000000000045e+03	8.598999999999999977e-01	2.858999999999999875e-01	5.740100000000000202e-01	3.827099999999999946e-03	1.147599999999999922e-03	0.000000000000000000e+00	6.076100000000000077e-03	7.330100000000000504e-02	1.113700000000000020e-03	5.960900000000000226e-02
2.320000000000000000e+03	2.316899999999999959e+00	8.201799999999999500e+02	1.301099999999999909e+03	8.693600000000000216e-01	2.892899999999999916e-01	5.800699999999999745e-01	3.859399999999999810e-03	1.175800000000000066e-03	0.000000000000000000e+00	5.633100000000000260e-03	6.868299999999999406e-02	8.982699999999999496e-04	5.542199999999999904e-02
2.330000000000000000e+03	2.378200000000000092e+00	8.347799999999999727e+02	1.324599999999999909e+03	8.792200000000000015e-01	2.928399999999999892e-01	5.863800000000000123e-01	3.890999999999999927e-03	1.203199999999999973e-03	0.000000000000000000e+00	5.127300000000000434e-03	6.390700000000000547e-02	6.593999999999999818e-04	5.109000000000000347e-02
2.340000000000000000e+03	2.444700000000000095e+00	8.500700000000000500e+02	1.348700000000000045e+03	8.895300000000000429e-01	2.965900000000000203e-01	5.929299999999999571e-01	3.920899999999999733e-03	1.228799999999999944e-03	0.000000000000000000e+00	4.509700000000000167e-03	5.896599999999999758e-02	3.875400000000000199e-04	4.661099999999999965e-02
2.350000000000000000e+03	2.517199999999999882e+00	8.661299999999999955e+02	1.373500000000000000e+03	9.003499999999999837e-01	3.005800000000000138e-01	5.997700000000000253e-01	3.947700000000000167e-03	1.251799999999999961e-03	0.000000000000000000e+00	3.703999999999999827e-03	5.385999999999999815e-02	9.813099999999999948e-05	4.198899999999999855e-02
2.360000000000000000e+03	2.596699999999999786e+00	8.829800000000000182e+02	1.399099999999999909e+03	9.116800000000000459e-01	3.048000000000000154e-01	6.068799999999999750e-01	3.971999999999999836e-03	1.272399999999999920e-03	0.000000000000000000e+00	2.523000000000000069e-03	4.857100000000000306e-02	0.000000000000000000e+00	3.722700000000000314e-02
2.370000000000000000e+03	2.683600000000000207e+00	9.006000000000000227e+02	1.425599999999999909e+03	9.234499999999999931e-01	3.092300000000000049e-01	6.142199999999999882e-01	3.993100000000000295e-03	1.290200000000000027e-03	0.000000000000000000e+00	1.039500000000000059e-03	4.314400000000000179e-02	0.000000000000000000e+00	3.236900000000000194e-02
2.380000000000000000e+03	2.775900000000000034e+00	9.184199999999999591e+02	1.452900000000000091e+03	9.350699999999999568e-01	3.134700000000000264e-01	6.216000000000000414e-01	4.025100000000000205e-03	1.315999999999999896e-03	0.000000000000000000e+00	0.000000000000000000e+00	3.754699999999999704e-02	0.000000000000000000e+00	2.738499999999999962e-02
2.390000000000000000e+03	2.869099999999999984e+00	9.356000000000000227e+02	1.481200000000000045e+03	9.457299999999999596e-01	3.170600000000000085e-01	6.286800000000000166e-01	4.080099999999999699e-03	1.359200000000000078e-03	0.000000000000000000e+00	0.000000000000000000e+00	3.188300000000000162e-02	0.000000000000000000e+00	2.238199999999999912e-02
2.400000000000000000e+03	2.966000000000000192e+00	9.526200000000000045e+02	1.510400000000000091e+03	9.559100000000000374e-01	3.204799999999999871e-01	6.354300000000000503e-01	4.133000000000000389e-03	1.402100000000000091e-03	0.000000000000000000e+00	0.000000000000000000e+00	2.644000000000000170e-02	0.000000000000000000e+00	1.764999999999999902e-02
2.410000000000000000e+03	3.065799999999999859e+00	9.693600000000000136e+02	1.540599999999999909e+03	9.655000000000000249e-01	3.237099999999999977e-01	6.417899999999999716e-01	4.183400000000000313e-03	1.444399999999999981e-03	0.000000000000000000e+00	0.000000000000000000e+00	2.126099999999999865e-02	0.000000000000000000e+00	1.324099999999999930e-02
2.420000000000000000e+03	3.168000000000000149e+00	9.857400000000000091e+02	1.571799999999999955e+03	9.744500000000000384e-01	3.267200000000000104e-01	6.477300000000000280e-01	4.231200000000000065e-03	1.486099999999999964e-03	0.000000000000000000e+00	0.000000000000000000e+00	1.636200000000000154e-02	0.000000000000000000e+00	9.190900000000000111e-03
2.430000000000000000e+03	3.272400000000000198e+00	1.001700000000000045e+03	1.604099999999999909e+03	9.827500000000000124e-01	3.295199999999999796e-01	6.532299999999999773e-01	4.276199999999999966e-03	1.527099999999999985e-03	0.000000000000000000e+00	0.000000000000000000e+00	1.172400000000000005e-02	0.000000000000000000e+00	5.526999999999999795e-03
2.440000000000000000e+03	3.378400000000000070e+00	1.017299999999999955e+03	1.637400000000000091e+03	9.904100000000000126e-01	3.321000000000000063e-01	6.583099999999999508e-01	4.318500000000000290e-03	1.567299999999999987e-03	0.000000000000000000e+00	0.000000000000000000e+00	7.283300000000000364e-03	0.000000000000000000e+00	2.311199999999999800e-03
2.450000000000000000e+03	3.483200000000000074e+00	1.032000000000000000e+03	1.671799999999999955e+03	9.971299999999999608e-01	3.343599999999999905e-01	6.627699999999999703e-01	4.356699999999999809e-03	1.606299999999999959e-03	0.000000000000000000e+00	0.000000000000000000e+00	2.862500000000000027e-03	0.000000000000000000e+00	7.487300000000000295e-06
2.460000000000000000e+03	3.559000000000000163e+00	1.042299999999999955e+03	1.707099999999999909e+03	1.000000000000000000e+00	3.353400000000000269e-01	6.646600000000000286e-01	4.378100000000000221e-03	1.639100000000000106e-03	0.000000000000000000e+00	0.000000000000000000e+00	0.000000000000000000e+00	0.000000000000000000e+00	0.000000000000000000e+00
2.470000000000000000e+03	3.610100000000000087e+00	1.049200000000000045e+03	1.742900000000000091e+03	1.000000000000000000e+00	3.353499999999999814e-01	6.646499999999999631e-01	4.386900000000000001e-03	1.667000000000000079e-03	0.000000000000000000e+00	0.000000000000000000e+00	0.000000000000000000e+00	0.000000000000000000e+00	0.000000000000000000e+00
2.480000000000000000e+03	3.661599999999999966e+00	1.056000000000000000e+03	1.779299999999999955e+03	1.000000000000000000e+00	3.353599999999999914e-01	6.646400000000000086e-01	4.395500000000000101e-03	1.694600000000000099e-03	0.000000000000000000e+00	0.000000000000000000e+00	0.000000000000000000e+00	0.000000000000000000e+00	0.000000000000000000e+00
2.490000000000000000e+03	3.713699999999999779e+00	1.062900000000000091e+03	1.816200000000000045e+03	1.000000000000000000e+00	3.353800000000000114e-01	6.646199999999999886e-01	4.403999999999999929e-03	1.722000000000000006e-03	0.000000000000000000e+00	0.000000000000000000e+00	0.000000000000000000e+00	0.000000000000000000e+00	0.000000000000000000e+00
2.500000000000000000e+03	3.766099999999999781e+00	1.069799999999999955e+03	1.853599999999999909e+03	1.000000000000000000e+00	3.353900000000000214e-01	6.646100000000000341e-01	4.412499999999999756e-03	1.749200000000000017e-03	0.000000000000000000e+00	0.000000000000000000e+00	0.000000000000000000e+00	0.000000000000000000e+00	0.000000000000000000e+00
2.510000000000000000e+03	3.818999999999999950e+00	1.076700000000000045e+03	1.891500000000000000e+03	1.000000000000000000e+00	3.353999999999999759e-01	6.645999999999999686e-01	4.420799999999999903e-03	1.776100000000000075e-03	0.000000000000000000e+00	0.000000000000000000e+00	0.000000000000000000e+00	0.000000000000000000e+00	0.000000000000000000e+00
2.520000000000000000e+03	3.872399999999999842e+00	1.083599999999999909e+03	1.929900000000000091e+03	1.000000000000000000e+00	3.354099999999999859e-01	6.645900000000000141e-01	4.428999999999999777e-03	1.802699999999999962e-03	0.000000000000000000e+00	0.000000000000000000e+00	0.000000000000000000e+00	0.000000000000000000e+00	0.000000000000000000e+00
2.530000000000000000e+03	3.926299999999999901e+00	1.090500000000000000e+03	1.968900000000000091e+03	1.000000000000000000e+00	3.354199999999999959e-01	6.645799999999999486e-01	4.437100000000000245e-03	1.829200000000000010e-03	0.000000000000000000e+00	0.000000000000000000e+00	0.000000000000000000e+00	0.000000000000000000e+00	0.000000000000000000e+00
2.540000000000000000e+03	3.980599999999999916e+00	1.097400000000000091e+03	2.008500000000000000e+03	1.000000000000000000e+00	3.354300000000000059e-01	6.645699999999999941e-01	4.445199999999999846e-03	1.855300000000000048e-03	0.000000000000000000e+00	0.000000000000000000e+00	0.000000000000000000e+00	0.000000000000000000e+00	0.000000000000000000e+00
2.550000000000000000e+03	4.035300000000000331e+00	1.104299999999999955e+03	2.048500000000000000e+03	1.000000000000000000e+00	3.354400000000000159e-01	6.645600000000000396e-01	4.453099999999999767e-03	1.881300000000000030e-03	0.000000000000000000e+00	0.000000000000000000e+00	0.000000000000000000e+00	0.000000000000000000e+00	0.000000000000000000e+00
2.560000000000000000e+03	4.090499999999999581e+00	1.111200000000000045e+03	2.089199999999999818e+03	1.000000000000000000e+00	3.354599999999999804e-01	6.645400000000000196e-01	4.460999999999999688e-03	1.907000000000000058e-03	0.000000000000000000e+00	0.000000000000000000e+00	0.000000000000000000e+00	0.000000000000000000e+00	0.000000000000000000e+00
2.570000000000000000e+03	4.146200000000000330e+00	1.118200000000000045e+03	2.130400000000000091e+03	1.000000000000000000e+00	3.354699999999999904e-01	6.645299999999999541e-01	4.468699999999999929e-03	1.932399999999999916e-03	0.000000000000000000e+00	0.000000000000000000e+00	0.000000000000000000e+00	0.000000000000000000e+00	0.000000000000000000e+00
2.580000000000000000e+03	4.202399999999999913e+00	1.125099999999999909e+03	2.172099999999999909e+03	1.000000000000000000e+00	3.354800000000000004e-01	6.645199999999999996e-01	4.476400000000000171e-03	1.957700000000000152e-03	0.000000000000000000e+00	0.000000000000000000e+00	0.000000000000000000e+00	0.000000000000000000e+00	0.000000000000000000e+00
2.590000000000000000e+03	4.259000000000000341e+00	1.132000000000000000e+03	2.214400000000000091e+03	1.000000000000000000e+00	3.354900000000000104e-01	6.645100000000000451e-01	4.483899999999999865e-03	1.982600000000000161e-03	0.000000000000000000e+00	0.000000000000000000e+00	0.000000000000000000e+00	0.000000000000000000e+00	0.000000000000000000e+00
2.600000000000000000e+03	4.316099999999999604e+00	1.139000000000000000e+03	2.257300000000000182e+03	1.000000000000000000e+00	3.355000000000000204e-01	6.644999999999999796e-01	4.491400000000000427e-03	2.007399999999999896e-03	0.000000000000000000e+00	0.000000000000000000e+00	0.000000000000000000e+00	0.000000000000000000e+00	0.000000000000000000e+00
2.610000000000000000e+03	4.373599999999999710e+00	1.145900000000000091e+03	2.300699999999999818e+03	1.000000000000000000e+00	3.355099999999999749e-01	6.644900000000000251e-01	4.498799999999999848e-03	2.031900000000000112e-03	0.000000000000000000e+00	0.000000000000000000e+00	0.000000000000000000e+00	0.000000000000000000e+00	0.000000000000000000e+00
2.620000000000000000e+03	4.431700000000000195e+00	1.152900000000000091e+03	2.344800000000000182e+03	1.000000000000000000e+00	3.355199999999999849e-01	6.644799999999999596e-01	4.506099999999999862e-03	2.056200000000000215e-03	0.000000000000000000e+00	0.000000000000000000e+00	0.000000000000000000e+00	0.000000000000000000e+00	0.000000000000000000e+00
2.630000000000000000e+03	4.490199999999999747e+00	1.159799999999999955e+03	2.389400000000000091e+03	1.000000000000000000e+00	3.355299999999999949e-01	6.644700000000000051e-01	4.513399999999999877e-03	2.080300000000000205e-03	0.000000000000000000e+00	0.000000000000000000e+00	0.000000000000000000e+00	0.000000000000000000e+00	0.000000000000000000e+00
2.640000000000000000e+03	4.549199999999999910e+00	1.166799999999999955e+03	2.434599999999999909e+03	1.000000000000000000e+00	3.355400000000000049e-01	6.644600000000000506e-01	4.520500000000000212e-03	2.104099999999999807e-03	0.000000000000000000e+00	0.000000000000000000e+00	0.000000000000000000e+00	0.000000000000000000e+00	0.000000000000000000e+00
2.650000000000000000e+03	4.608699999999999797e+00	1.173799999999999955e+03	2.480300000000000182e+03	1.000000000000000000e+00	3.355500000000000149e-01	6.644499999999999851e-01	4.527599999999999680e-03	2.127700000000000164e-03	0.000000000000000000e+00	0.000000000000000000e+00	0.000000000000000000e+00	0.000000000000000000e+00	0.000000000000000000e+00
2.660000000000000000e+03	4.668599999999999639e+00	1.180700000000000045e+03	2.526699999999999818e+03	1.000000000000000000e+00	3.355600000000000249e-01	6.644400000000000306e-01	4.534599999999999742e-03	2.151099999999999974e-03	0.000000000000000000e+00	0.000000000000000000e+00	0.000000000000000000e+00	0.000000000000000000e+00	0.000000000000000000e+00
2.670000000000000000e+03	4.729099999999999859e+00	1.187700000000000045e+03	2.573699999999999818e+03	1.000000000000000000e+00	3.355699999999999794e-01	6.644299999999999651e-01	4.541500000000000398e-03	2.174300000000000104e-03	0.000000000000000000e+00	0.000000000000000000e+00	0.000000000000000000e+00	0.000000000000000000e+00	0.000000000000000000e+00
2.680000000000000000e+03	4.790000000000000036e+00	1.194700000000000045e+03	2.621300000000000182e+03	1.000000000000000000e+00	3.355799999999999894e-01	6.644200000000000106e-01	4.548299999999999912e-03	2.197199999999999848e-03	0.000000000000000000e+00	0.000000000000000000e+00	0.000000000000000000e+00	0.000000000000000000e+00	0.000000000000000000e+00
2.690000000000000000e+03	4.851399999999999935e+00	1.201700000000000045e+03	2.669500000000000000e+03	1.000000000000000000e+00	3.355899999999999994e-01	6.644099999999999451e-01	4.555100000000000295e-03	2.220000000000000185e-03	0.000000000000000000e+00	0.000000000000000000e+00	0.000000000000000000e+00	0.000000000000000000e+00	0.000000000000000000e+00
2.700000000000000000e+03	4.913299999999999557e+00	1.208700000000000045e+03	2.718300000000000182e+03	1.000000000000000000e+00	3.356000000000000094e-01	6.643999999999999906e-01	4.561700000000000130e-03	2.242500000000000136e-03	0.000000000000000000e+00	0.000000000000000000e+00	0.000000000000000000e+00	0.000000000000000000e+00	0.000000000000000000e+00
2.710000000000000000e+03	4.975699999999999790e+00	1.215700000000000045e+03	2.767800000000000182e+03	1.000000000000000000e+00	3.356100000000000194e-01	6.643900000000000361e-01	4.568299999999999965e-03	2.264799999999999973e-03	0.000000000000000000e+00	0.000000000000000000e+00	0.000000000000000000e+00	0.000000000000000000e+00	0.000000000000000000e+00
2.720000000000000000e+03	5.038599999999999746e+00	1.222700000000000045e+03	2.817900000000000091e+03	1.000000000000000000e+00	3.356199999999999739e-01	6.643799999999999706e-01	4.574899999999999800e-03	2.286900000000000131e-03	0.000000000000000000e+00	0.000000000000000000e+00	0.000000000000000000e+00	0.000000000000000000e+00	0.000000000000000000e+00
2.730000000000000000e+03	5.101899999999999658e+00	1.229700000000000045e+03	2.868599999999999909e+03	1.000000000000000000e+00	3.356299999999999839e-01	6.643700000000000161e-01	4.581299999999999956e-03	2.308800000000000175e-03	0.000000000000000000e+00	0.000000000000000000e+00	0.000000000000000000e+00	0.000000000000000000e+00	0.000000000000000000e+00
2.740000000000000000e+03	5.165799999999999947e+00	1.236700000000000045e+03	2.919900000000000091e+03	1.000000000000000000e+00	3.356399999999999939e-01	6.643599999999999506e-01	4.587700000000000111e-03	2.330500000000000106e-03	0.000000000000000000e+00	0.000000000000000000e+00	0.000000000000000000e+00	0.000000000000000000e+00	0.000000000000000000e+00
2.750000000000000000e+03	5.230199999999999960e+00	1.243700000000000045e+03	2.971900000000000091e+03	1.000000000000000000e+00	3.356500000000000039e-01	6.643499999999999961e-01	4.593999999999999993e-03	2.351999999999999924e-03	0.000000000000000000e+00	0.000000000000000000e+00	0.000000000000000000e+00	0.000000000000000000e+00	0.000000000000000000e+00
2.760000000000000000e+03	5.295099999999999696e+00	1.250799999999999955e+03	3.024500000000000000e+03	1.000000000000000000e+00	3.356600000000000139e-01	6.643400000000000416e-01	4.600299999999999875e-03	2.373199999999999789e-03	0.000000000000000000e+00	0.000000000000000000e+00	0.000000000000000000e+00	0.000000000000000000e+00	0.000000000000000000e+00
2.770000000000000000e+03	5.360400000000000276e+00	1.257799999999999955e+03	3.077800000000000182e+03	1.000000000000000000e+00	3.356700000000000239e-01	6.643299999999999761e-01	4.606500000000000351e-03	2.394299999999999814e-03	0.000000000000000000e+00	0.000000000000000000e+00	0.000000000000000000e+00	0.000000000000000000e+00	0.000000000000000000e+00
2.780000000000000000e+03	5.426300000000000345e+00	1.264799999999999955e+03	3.131699999999999818e+03	1.000000000000000000e+00	3.356799999999999784e-01	6.643200000000000216e-01	4.612599999999999686e-03	2.415200000000000159e-03	0.000000000000000000e+00	0.000000000000000000e+00	0.000000000000000000e+00	0.000000000000000000e+00	0.000000000000000000e+00
2.790000000000000000e+03	5.492700000000000138e+00	1.271900000000000091e+03	3.186300000000000182e+03	1.000000000000000000e+00	3.356799999999999784e-01	6.643200000000000216e-01	4.618599999999999615e-03	2.435899999999999958e-03	0.000000000000000000e+00	0.000000000000000000e+00	0.000000000000000000e+00	0.000000000000000000e+00	0.000000000000000000e+00
2.800000000000000000e+03	5.559599999999999653e+00	1.278900000000000091e+03	3.241599999999999909e+03	1.000000000000000000e+00	3.356899999999999884e-01	6.643099999999999561e-01	4.624600000000000412e-03	2.456400000000000076e-03	0.000000000000000000e+00	0.000000000000000000e+00	0.000000000000000000e+00	0.000000000000000000e+00	0.000000000000000000e+00
2.810000000000000000e+03	5.626999999999999780e+00	1.285900000000000091e+03	3.297500000000000000e+03	1.000000000000000000e+00	3.356999999999999984e-01	6.643000000000000016e-01	4.630600000000000341e-03	2.476599999999999809e-03	0.000000000000000000e+00	0.000000000000000000e+00	0.000000000000000000e+00	0.000000000000000000e+00	0.000000000000000000e+00
